data;
param: p:= 
SPOT    311.000000
MRK      80.959999
CAT     182.149994
MCD     210.220001
PG      137.820007
TSLA    729.770020
VZ       58.849998
INTC     49.669998
CVX      84.709999
JPM     125.870003
IBM     123.940002
DIS     177.679993
BA      202.720001
V       217.759995
WMT     146.529999; 
param: S: r:= 
SPOT   -0.019997
MRK     0.000914
CAT    -0.002649
MCD    -0.004987
PG     -0.000733
TSLA    0.005664
VZ     -0.001402
INTC   -0.004223
CVX    -0.007160
JPM     0.001838
IBM    -0.000347
DIS     0.000926
BA     -0.008892
V      -0.000864
WMT     0.001252;
param cov :
SPOT MRK CAT MCD PG TSLA VZ INTC CVX JPM IBM DIS BA V WMT:= 
SPOT  1.000000  0.596139  0.426962 -0.085826  0.209747 -0.117385 -0.603164 -0.651355 -0.447275  0.682812 -0.727377  0.516336  0.035781 -0.700151  0.330685
MRK   0.596139  1.000000  0.130930 -0.056597  0.591009 -0.529635 -0.081281 -0.535356  0.307171  0.404577 -0.337280  0.899085 -0.139099 -0.867106  0.368918
CAT   0.426962  0.130930  1.000000  0.121680 -0.219957  0.334146 -0.814147 -0.705098 -0.542570  0.095322 -0.817188  0.011078 -0.208544 -0.554863  0.608235
MCD  -0.085826 -0.056597  0.121680  1.000000 -0.709420  0.437020 -0.437807 -0.248722 -0.273307  0.472061 -0.378472 -0.044546 -0.530092 -0.128277 -0.054839
PG    0.209747  0.591009 -0.219957 -0.709420  1.000000 -0.477718  0.412305  0.145372  0.684527 -0.063851  0.293757  0.695119  0.230684 -0.249352 -0.066391
TSLA -0.117385 -0.529635  0.334146  0.437020 -0.477718  1.000000 -0.591011  0.218175 -0.300406  0.310015 -0.226727 -0.249507 -0.468480  0.336273 -0.472357
VZ   -0.603164 -0.081281 -0.814147 -0.437807  0.412305 -0.591011  1.000000  0.610788  0.698266 -0.595296  0.903553 -0.084050  0.371079  0.459922 -0.247909
INTC -0.651355 -0.535356 -0.705098 -0.248722  0.145372  0.218175  0.610788  1.000000  0.528380 -0.284552  0.882894 -0.259778 -0.058069  0.869697 -0.854121
CVX  -0.447275  0.307171 -0.542570 -0.273307  0.684527 -0.300406  0.698266  0.528380  1.000000 -0.254578  0.692576  0.473491 -0.130541  0.114725 -0.381904
JPM   0.682812  0.404577  0.095322  0.472061 -0.063851  0.310015 -0.595296 -0.284552 -0.254578  1.000000 -0.536825  0.542647 -0.382847 -0.399787 -0.243777
IBM  -0.727377 -0.337280 -0.817188 -0.378472  0.293757 -0.226727  0.903553  0.882894  0.692576 -0.536825  1.000000 -0.211075  0.130277  0.724388 -0.574044
DIS   0.516336  0.899085  0.011078 -0.044546  0.695119 -0.249507 -0.084050 -0.259778  0.473491  0.542647 -0.211075  1.000000 -0.223513 -0.674834 -0.003877
BA    0.035781 -0.139099 -0.208544 -0.530092  0.230684 -0.468480  0.371079 -0.058069 -0.130541 -0.382847  0.130277 -0.223513  1.000000  0.137927  0.291654
V    -0.700151 -0.867106 -0.554863 -0.128277 -0.249352  0.336273  0.459922  0.869697  0.114725 -0.399787  0.724388 -0.674834  0.137927  1.000000 -0.678313
WMT   0.330685  0.368918  0.608235 -0.054839 -0.066391 -0.472357 -0.247909 -0.854121 -0.381904 -0.243777 -0.574044 -0.003877  0.291654 -0.678313  1.000000;
param rt: 
0 1 2 3 4 5 6:= 
SPOT -0.020226  0.000000  0.000000  0.000000  0.000000  0.000000  0.000000
MRK  -0.003887  0.005558  0.002712 -0.001410  0.002582 -0.002677  0.002696
CAT  -0.014120  0.010060 -0.007465 -0.008302  0.004943  0.018198 -0.015115
MCD  -0.002909 -0.003150  0.004527 -0.012518 -0.014673  0.002702 -0.004064
PG   -0.004538  0.003253  0.001013  0.002321  0.017377 -0.017621  0.001089
TSLA  0.018643 -0.059442  0.039958 -0.030195  0.020174  0.082889 -0.033332
VZ    0.010309  0.000000 -0.002763  0.004413  0.000163 -0.012243  0.004494
INTC  0.020309 -0.040190 -0.008906 -0.007105  0.001817 -0.020800  0.000406
CVX   0.001565 -0.009272 -0.006427 -0.019006  0.000750 -0.030758 -0.007030
JPM  -0.017667 -0.004986  0.019549 -0.005006 -0.001143  0.006026  0.007931
IBM   0.015268 -0.010794 -0.006242  0.000401  0.000880 -0.015489  0.004477
DIS  -0.036121  0.015187  0.029406 -0.025231  0.023854 -0.034522  0.005372
BA   -0.011710 -0.006239 -0.015501  0.026533 -0.015472 -0.024977 -0.024629
V     0.013432 -0.017118 -0.004316  0.004285 -0.002887 -0.000863 -0.001007
WMT  -0.005138  0.017797 -0.006152  0.003724 -0.002504  0.003835 -0.003615; 
